1 0 0
2 1 1
3 -1 1
4 0 2
5 -2 2
6 2 2
7 -1 3
8 1 3
9 -3 3
10 3 3
11 0 4
12 2 4
13 -2 4
14 4 4
15 -4 4
16 1 5
17 -1 5
18 3 5
19 -3 5
20 5 5
21 -5 5
22 0 6
23 -2 6
24 2 6
25 -4 6
26 4 6
27 -6 6
28 6 6
29 -1 7
30 1 7
31 -3 7
32 3 7
33 -5 7
34 5 7
35 -7 7
36 7 7
37 0 8
38 2 8
39 -2 8
40 4 8
41 -4 8
42 6 8
43 -6 8
44 8 8
45 -8 8
46 1 9
47 -1 9
48 3 9
49 -3 9
50 5 9
51 -5 9
52 7 9
53 -7 9
54 9 9
55 -9 9
56 0 10
57 -2 10
58 2 10
59 -4 10
60 4 10
61 -6 10
62 6 10
63 -8 10
64 8 10
65 -10 10
66 10 10
67 -1 11
68 1 11
69 -3 11
70 3 11
71 -5 11
72 5 11
73 -7 11
74 7 11
75 -9 11
76 9 11
77 -11 11
78 11 11
79 0 12
80 2 12
81 -2 12
82 4 12
83 -4 12
84 6 12
85 -6 12
86 8 12
87 -8 12
88 10 12
89 -10 12
90 12 12
91 -12 12
92 1 13
93 -1 13
94 3 13
95 -3 13
96 5 13
97 -5 13
98 7 13
99 -7 13
100 9 13
101 -9 13
102 11 13
103 -11 13
104 13 13
105 -13 13
106 0 14
107 -2 14
108 2 14
109 -4 14
110 4 14
111 -6 14
112 6 14
113 -8 14
114 8 14
115 -10 14
116 10 14
117 -12 14
118 12 14
119 -14 14
120 14 14
121 -1 15
122 1 15
123 -3 15
124 3 15
125 -5 15
126 5 15
127 -7 15
128 7 15
129 -9 15
130 9 15
131 -11 15
132 11 15
133 -13 15
134 13 15
135 -15 15
136 15 15
137 0 16
138 2 16
139 -2 16
140 4 16
141 -4 16
142 6 16
143 -6 16
144 8 16
145 -8 16
146 10 16
147 -10 16
148 12 16
149 -12 16
150 14 16
151 -14 16
152 16 16
153 -16 16
154 1 17
155 -1 17
156 3 17
157 -3 17
158 5 17
159 -5 17
160 7 17
161 -7 17
162 9 17
163 -9 17
164 11 17
165 -11 17
166 13 17
167 -13 17
168 15 17
169 -15 17
170 17 17
171 -17 17
172 0 18
173 -2 18
174 2 18
175 -4 18
176 4 18
177 -6 18
178 6 18
179 -8 18
180 8 18
181 -10 18
182 10 18
183 -12 18
184 12 18
185 -14 18
186 14 18
187 -16 18
188 16 18
189 -18 18
190 18 18
191 -1 19
192 1 19
193 -3 19
194 3 19
195 -5 19
196 5 19
197 -7 19
198 7 19
199 -9 19
200 9 19
